QGC WPL 110
0	0	0	16	0.000000	0.000000	0.000000	1.000000	-35.363262	149.165238	584.000000	1
1	0	3	22	0.000000	0.000000	0.000000	1.000000	-35.362362	149.165238	30.000000	1
2	0	3	16	0.000000	0.000000	0.000000	1.000000	-35.362626	149.166018	30.000000	1
3	0	3	16	0.000000	0.000000	0.000000	1.000000	-35.363262	149.166341	30.000000	1
4	0	3	16	0.000000	0.000000	0.000000	1.000000	-35.363898	149.166018	30.000000	1
5	0	3	16	0.000000	0.000000	0.000000	1.000000	-35.364162	149.165238	30.000000	1
6	0	3	16	0.000000	0.000000	0.000000	1.000000	-35.363898	149.164457	30.000000	1
7	0	3	16	0.000000	0.000000	0.000000	1.000000	-35.363262	149.164134	30.000000	1
8	0	3	16	0.000000	0.000000	0.000000	1.000000	-35.362626	149.164457	30.000000	1
